	sequences per sample	iteration	iowa_corn	iowa_prairie	kansas_corn	kansas_prairie	wisconsin_corn	wisconsin_prairie	wisconsin_restored	wisconsin_switchgrass
alpha_rarefaction_10_0.biom	10	0	55.0	55.0	55.0	55.0	55.0	55.0	55.0	55.0
alpha_rarefaction_10_1.biom	10	1	55.0	55.0	55.0	55.0	55.0	55.0	55.0	55.0
alpha_rarefaction_10_2.biom	10	2	55.0	55.0	55.0	55.0	55.0	55.0	55.0	55.0
alpha_rarefaction_10_3.biom	10	3	55.0	55.0	55.0	55.0	55.0	55.0	55.0	55.0
alpha_rarefaction_10_4.biom	10	4	55.0	55.0	55.0	55.0	55.0	55.0	55.0	55.0
alpha_rarefaction_10_5.biom	10	5	55.0	55.0	55.0	55.0	55.0	55.0	55.0	55.0
alpha_rarefaction_10_6.biom	10	6	55.0	55.0	55.0	55.0	55.0	55.0	55.0	55.0
alpha_rarefaction_10_7.biom	10	7	55.0	55.0	55.0	55.0	55.0	55.0	55.0	55.0
alpha_rarefaction_10_8.biom	10	8	55.0	55.0	55.0	55.0	55.0	55.0	55.0	55.0
alpha_rarefaction_10_9.biom	10	9	55.0	55.0	55.0	55.0	55.0	55.0	55.0	55.0
alpha_rarefaction_199879_0.biom	199879	0	26162600.1902	12805964.6904	76038210.771	51145280.329	74890280.6353	28995166.9211	38361089.6486	59779179.2462
alpha_rarefaction_199879_1.biom	199879	1	24439475.463	12227328.8262	71906222.343	52226517.9213	70381008.5442	30015196.3086	40815215.2731	66153633.01
alpha_rarefaction_199879_2.biom	199879	2	24406891.111	12045502.1001	71907663.4296	52228087.7244	72153017.9167	32432971.8382	39197302.4813	61832466.2174
alpha_rarefaction_199879_3.biom	199879	3	25450803.7468	12132147.5797	76038210.771	50238685.4798	77502798.8755	30014293.2421	39986775.7203	61067058.5767
alpha_rarefaction_199879_4.biom	199879	4	26736088.2146	11941910.2301	72160969.0326	55904173.4719	71129388.3214	28288041.786	37275914.0113	61449554.5556
alpha_rarefaction_199879_5.biom	199879	5	24525648.9703	12675842.0852	76035926.1832	54974284.2652	71128676.5357	31348207.7346	40646652.9509	68435171.9175
alpha_rarefaction_199879_6.biom	199879	6	26956773.2082	12253677.1579	70132486.3239	50112140.6801	69388274.7596	28828038.8299	43123189.3688	59950826.3163
alpha_rarefaction_199879_7.biom	199879	7	27832298.7528	12294390.0895	78439393.8819	51415263.031	74612783.0449	29970758.8565	42391017.9083	57863585.5291
alpha_rarefaction_199879_8.biom	199879	8	27063987.4549	11835073.3589	70385238.1661	51010562.3077	70129676.2606	29391489.4756	43601272.7303	62217047.3469
alpha_rarefaction_199879_9.biom	199879	9	26019599.6255	12594035.4689	73229491.3676	53637995.6119	75748334.1369	31599058.1672	39667919.99	61443397.8364
alpha_rarefaction_399748_0.biom	399748	0	26594706.8727	13037979.0335	73152285.8315	55692666.9593	73963684.4218	31137978.1438	40810293.4912	65720301.3916
alpha_rarefaction_399748_1.biom	399748	1	26237324.8159	12976881.5288	76920886.2314	52842055.05	73821025.4898	30937016.2319	40452792.9596	63959893.946
alpha_rarefaction_399748_2.biom	399748	2	27930339.1304	13507661.9771	74605556.1324	52668087.4691	74171237.7087	31477850.5752	42861536.0829	65288590.477
alpha_rarefaction_399748_3.biom	399748	3	25585419.1939	12883689.1798	73555733.7093	55654142.3621	77679801.2151	30262616.538	41925235.3773	63804054.4783
alpha_rarefaction_399748_4.biom	399748	4	26736130.4857	12923032.3771	74800550.9068	53385175.2189	77365228.7722	31733570.1111	40655869.071	63911603.4791
alpha_rarefaction_399748_5.biom	399748	5	26900110.0113	13377426.6849	75387187.4858	54640463.6844	77368330.0146	31220686.2242	39699441.497	63909040.0604
alpha_rarefaction_399748_6.biom	399748	6	26015056.2315	13066033.4695	77372598.8247	54157722.502	76319426.511	32299627.5827	39934823.9773	66202318.6272
alpha_rarefaction_399748_7.biom	399748	7	26483359.9164	12872353.9249	74748919.1279	53791657.3128	77601218.8438	32032907.076	40353652.4087	62939480.6495
alpha_rarefaction_399748_8.biom	399748	8	26142840.8888	12911570.2068	77220667.1487	55964976.8546	76698142.4131	31333776.095	40872127.4667	65177464.5
alpha_rarefaction_399748_9.biom	399748	9	26538900.7905	13269561.3567	79796757.8645	54113425.0041	76163535.2895	31807970.839	40771291.2242	63595087.9375
alpha_rarefaction_599617_0.biom	599617	0	26592309.6431	13839677.4679	78756541.1228	56450648.8203	76217237.1069	31759536.5839	40522278.6506	63941035.2015
alpha_rarefaction_599617_1.biom	599617	1	27494519.7888	13764708.0493	77080672.297	55688358.7509	77991044.1942	31627439.8192	41541451.5364	62580799.846
alpha_rarefaction_599617_2.biom	599617	2	26796231.5537	13792777.0994	78239497.0904	56865215.1564	75334381.1602	31796653.0119	41792707.7305	61933373.5044
alpha_rarefaction_599617_3.biom	599617	3	27203196.7186	13858456.2517	74884739.6618	54851070.5324	78235308.6516	32174685.1678	41813850.6883	63513706.7291
alpha_rarefaction_599617_4.biom	599617	4	26771084.8245	13637659.5462	76250351.2062	55895498.3443	78274363.0588	31496176.9129	42940323.9188	64279008.5233
alpha_rarefaction_599617_5.biom	599617	5	27464113.8011	13625001.5143	76316650.4516	56352481.5694	77237565.1447	32663129.1023	40981974.3752	63983360.8138
alpha_rarefaction_599617_6.biom	599617	6	27563698.0173	13750709.2768	79574407.7876	55507940.3654	74483912.6252	32521024.3994	41517097.6984	63343492.9246
alpha_rarefaction_599617_7.biom	599617	7	26952251.0297	13610824.9412	79757146.4432	57358259.9987	78571947.9057	31071789.4286	40530877.6304	65503944.4967
alpha_rarefaction_599617_8.biom	599617	8	27626987.3918	13760325.7961	76611811.6485	55287182.6273	77958774.0223	32330278.9949	40711937.3533	63937396.7913
alpha_rarefaction_599617_9.biom	599617	9	27263493.6106	13607660.2838	76045250.7082	54988675.9592	75720432.5042	31893196.1046	41512373.8753	65460164.571
alpha_rarefaction_799486_0.biom	799486	0	27312573.7066	14209163.3379	78358983.9804	57804192.0083	78299368.7823	32179896.2848	42041724.0593	64114074.4407
alpha_rarefaction_799486_1.biom	799486	1	27763084.2001	14183740.7211	80860790.7898	57318713.0306	77760259.4517	32738660.5699	42142927.7079	65063616.2717
alpha_rarefaction_799486_2.biom	799486	2	27637610.3923	14145600.3524	77658498.7582	57331456.5723	77866965.4002	32567919.8306	41649907.6563	63817632.2896
alpha_rarefaction_799486_3.biom	799486	3	27598703.6263	13978234.5291	80619262.1486	57087048.4023	77908103.3978	32189233.64	41632986.8692	67203757.0848
alpha_rarefaction_799486_4.biom	799486	4	27471521.1406	14049136.8636	78936073.6632	56468410.017	75005516.4256	32678770.5381	42392233.9591	64742309.2081
alpha_rarefaction_799486_5.biom	799486	5	28163772.7309	14282647.1739	79062756.7204	56243115.141	78517632.0522	32665159.3501	41847511.8086	64853516.6022
alpha_rarefaction_799486_6.biom	799486	6	27926332.5445	14164313.8085	79616704.0829	56546751.8958	77972219.148	32432446.9533	41995920.0052	63560771.9532
alpha_rarefaction_799486_7.biom	799486	7	27876164.2572	14280597.4808	79576428.104	56290698.1287	78444625.5521	32119729.2634	42118668.6774	65611805.1502
alpha_rarefaction_799486_8.biom	799486	8	27560299.4077	14166653.8909	80049614.3253	56554715.6864	79374836.4032	32913552.3304	42512170.5024	62645093.3163
alpha_rarefaction_799486_9.biom	799486	9	27950435.0209	14123769.0423	79371058.3058	56789570.5151	75525372.5131	32490790.2365	42752027.174	65225340.3548
alpha_rarefaction_999355_0.biom	999355	0	28173115.0721	14653097.4691	82152767.5438	57526115.0065	78316023.8005	32727534.7111	42578340.6404	65572129.6004
alpha_rarefaction_999355_1.biom	999355	1	28102525.932	14682822.8071	80621989.4532	57852521.2482	78151831.4452	32945362.7488	43059748.6041	65659175.4039
alpha_rarefaction_999355_2.biom	999355	2	27924120.3118	14679411.3481	79107533.5089	56913088.4072	78618660.7614	33084671.0531	42516896.1338	64738218.3026
alpha_rarefaction_999355_3.biom	999355	3	27969009.0124	14773393.7427	80269369.5572	56756055.618	78848717.4428	32852655.0672	42440516.2085	65681397.8903
alpha_rarefaction_999355_4.biom	999355	4	27847920.1262	14795580.0297	78880959.2716	57911928.5681	77869206.0436	32335138.0177	42454353.599	65395871.3591
alpha_rarefaction_999355_5.biom	999355	5	28052889.6191	14621565.3476	80180508.509	56513646.6907	79112287.44	32957591.333	43244325.0621	65134737.5097
alpha_rarefaction_999355_6.biom	999355	6	27922876.807	14729309.9933	79785216.1581	57406817.9427	77768896.5202	32809433.7788	42118097.5053	66119202.2769
alpha_rarefaction_999355_7.biom	999355	7	27799268.6374	14708789.928	80930849.227	56824392.2512	76394987.1364	32556101.4314	42417884.5139	65504438.0783
alpha_rarefaction_999355_8.biom	999355	8	27701249.732	14761063.8037	78913788.2293	56778536.2307	78129866.6685	32749471.6761	42126891.089	65849028.2308
alpha_rarefaction_999355_9.biom	999355	9	28018753.5643	14725391.8822	79983346.3661	57452103.09	78933245.2299	33234313.9086	42277029.3288	64772228.1511
alpha_rarefaction_1199224_0.biom	1199224	0	28395123.7599	15226577.0431	79677809.6767	57514471.0884	78601377.8673	32992701.2474	42714845.2519	65600205.3075
alpha_rarefaction_1199224_1.biom	1199224	1	28402615.4377	15147249.4744	80187848.3132	56972267.8761	79002088.6232	33342760.5391	42252023.6227	64992925.281
alpha_rarefaction_1199224_2.biom	1199224	2	28198289.0652	15054626.5137	81187043.7395	57574047.713	78762276.7933	33163169.8145	42638472.1485	66215325.387
alpha_rarefaction_1199224_3.biom	1199224	3	28210857.8379	15276694.2508	80113274.292	57684200.392	78994985.9739	33273209.7909	42563903.966	66049471.4665
alpha_rarefaction_1199224_4.biom	1199224	4	28183953.6898	15113750.4378	79908659.9958	57111614.071	77667468.6176	33115532.8441	42842297.6983	64997484.735
alpha_rarefaction_1199224_5.biom	1199224	5	28252728.5109	15110420.8084	80737459.169	57302997.204	80039423.5945	33185462.9007	42471454.7441	64931231.8397
alpha_rarefaction_1199224_6.biom	1199224	6	28379365.9241	15145174.3517	80400622.6855	57399773.2403	78948664.4439	33349861.9674	42914334.2445	65807811.3678
alpha_rarefaction_1199224_7.biom	1199224	7	28258572.9593	15111880.6527	79367633.2026	57485046.433	78718590.0003	33224952.9531	42867990.1732	65917296.0009
alpha_rarefaction_1199224_8.biom	1199224	8	28591206.9315	15146700.3616	80619795.6859	58087731.6567	79219493.4254	33099888.6746	42738507.5721	65793936.2943
alpha_rarefaction_1199224_9.biom	1199224	9	28095114.9425	15161859.5739	80487618.8256	57085508.6231	78647800.5972	33118333.8484	42602211.3772	65814903.4524
alpha_rarefaction_1399093_0.biom	1399093	0	28757944.2571	15602256.5091	81479474.3835	58026662.7135	79263776.8213	33475984.7171	43277097.0433	66284152.6706
alpha_rarefaction_1399093_1.biom	1399093	1	28503234.9357	15630914.5682	80037138.426	58360275.2595	78842746.1024	33528117.6378	43144219.1322	66538831.6646
alpha_rarefaction_1399093_2.biom	1399093	2	28502426.8961	15614030.6538	81572459.8264	57987938.8509	79003496.003	33506402.3005	43120854.7506	65672938.4695
alpha_rarefaction_1399093_3.biom	1399093	3	28670324.6455	15609543.3804	80995465.3196	58070316.9519	79178955.5328	33788411.2476	43210353.5311	66389112.9469
alpha_rarefaction_1399093_4.biom	1399093	4	28425660.0793	15557343.2468	80671267.8448	57564978.8433	79363480.6987	33757119.2817	43202190.9451	65853772.9441
alpha_rarefaction_1399093_5.biom	1399093	5	28521090.295	15618992.6725	81401203.5979	57721965.1552	78475005.5719	33393429.0775	43058403.6582	66577789.6084
alpha_rarefaction_1399093_6.biom	1399093	6	28555354.4109	15514824.854	80273313.9775	57744261.8821	79453670.7626	33790512.1117	43126283.1862	65644963.2789
alpha_rarefaction_1399093_7.biom	1399093	7	28478468.6585	15593108.2786	81150183.4706	58050133.7749	78485005.9462	33535506.0591	43510364.6506	66058348.6521
alpha_rarefaction_1399093_8.biom	1399093	8	28911575.066	15590750.1628	80809651.2504	58151394.0569	79071489.7815	33230485.7339	42975288.1765	65835486.0174
alpha_rarefaction_1399093_9.biom	1399093	9	28609538.8301	15635594.2385	80549274.9359	57950263.7361	79271798.2998	33637992.7547	43320550.9773	66064423.4674
alpha_rarefaction_1598962_0.biom	1598962	0	28795206.9507	15967701.5386	81102269.0447	57886794.3223	79240621.2149	33687268.9104	43887698.5346	66595121.1445
alpha_rarefaction_1598962_1.biom	1598962	1	28920319.4062	15952838.7137	81068899.9145	58192599.1004	79767538.1631	34021055.203	43770046.0681	66527763.3522
alpha_rarefaction_1598962_2.biom	1598962	2	28872850.7265	15994183.7427	81778861.6319	58291641.3467	79445229.2187	33786804.8482	43267424.4191	66927996.1547
alpha_rarefaction_1598962_3.biom	1598962	3	28705835.5975	15987648.7398	81684530.2262	58279655.6538	78547825.7084	33833582.9261	43934962.4982	66153477.703
alpha_rarefaction_1598962_4.biom	1598962	4	28832862.6294	15978884.4317	81837487.7054	58307090.3028	79759537.8138	33983590.1223	43459933.1828	66121141.4047
alpha_rarefaction_1598962_5.biom	1598962	5	28854792.5524	15959302.0006	81520435.4915	58316604.6058	79227184.8532	33776527.4085	43705610.2536	66796329.7724
alpha_rarefaction_1598962_6.biom	1598962	6	28894774.637	16025767.4981	81228793.6233	58038606.5209	78853068.0038	34039681.7438	43616695.7925	66104269.933
alpha_rarefaction_1598962_7.biom	1598962	7	28856316.5171	15989348.9673	81144945.2255	58060027.5455	80035297.8887	33716961.777	43485317.6152	66611543.2326
alpha_rarefaction_1598962_8.biom	1598962	8	28818433.5259	15942314.7476	81201875.5537	58475117.7039	79218560.0412	34132150.8401	43815337.0279	66205356.7901
alpha_rarefaction_1598962_9.biom	1598962	9	28869015.1439	16014279.6746	81359821.8939	58353486.0487	79384416.2513	33535861.0163	43508165.0955	66208565.4717
alpha_rarefaction_1798831_0.biom	1798831	0	28988778.3471	16412785.1369	81777391.2562	58620680.7369	79398266.3724	34159403.1686	44074732.93	66766274.3525
alpha_rarefaction_1798831_1.biom	1798831	1	28904829.4822	16343183.2804	81419033.5449	58368200.5906	79954867.8945	34097185.75	44216871.2375	66745328.1335
alpha_rarefaction_1798831_2.biom	1798831	2	28976220.7913	16399886.226	81746777.7164	58459659.944	79354772.0618	34034711.7014	44012452.5186	66820471.3579
alpha_rarefaction_1798831_3.biom	1798831	3	28995516.8816	16356209.1218	81949141.9937	58638705.2385	79374331.9257	34060738.3909	44065545.6975	66887949.1571
alpha_rarefaction_1798831_4.biom	1798831	4	29021987.2962	16390684.8752	81982721.6572	58456169.6478	79286775.2144	34104356.3796	43971448.8537	67006090.7759
alpha_rarefaction_1798831_5.biom	1798831	5	28965187.9924	16357173.1176	81896013.3908	58380330.235	79738574.054	34181438.3916	44074503.468	66936728.0665
alpha_rarefaction_1798831_6.biom	1798831	6	29013312.5329	16413956.202	80947123.1264	58656877.1634	79551014.4961	34165875.0118	44236811.1624	66513317.4591
alpha_rarefaction_1798831_7.biom	1798831	7	29054813.2912	16361165.8051	81482287.6348	58506221.4565	79580046.4649	34080225.0874	44128234.1179	66601291.9058
alpha_rarefaction_1798831_8.biom	1798831	8	29082038.3246	16378513.8244	81727851.9297	58325789.1105	79366797.1794	34125998.269	44112661.2956	67008351.9433
alpha_rarefaction_1798831_9.biom	1798831	9	29016788.7138	16382630.2103	81988752.6682	58782480.6842	79624528.1824	34168053.3724	43814689.9752	66903446.0515
alpha_rarefaction_1998700_0.biom	1998700	0	n/a	16752247.0519	n/a	58861373.5889	n/a	34386635.786	44283106.5729	n/a
alpha_rarefaction_1998700_1.biom	1998700	1	n/a	16752099.2296	n/a	58852141.6785	n/a	34383866.8728	44306387.0309	n/a
alpha_rarefaction_1998700_2.biom	1998700	2	n/a	16749941.3634	n/a	58857835.4406	n/a	34380643.7802	44292928.7918	n/a
alpha_rarefaction_1998700_3.biom	1998700	3	n/a	16751971.9974	n/a	58850402.5904	n/a	34375879.1717	44299389.0373	n/a
alpha_rarefaction_1998700_4.biom	1998700	4	n/a	16750483.4653	n/a	58840995.1533	n/a	34382535.3445	44307870.1968	n/a
alpha_rarefaction_1998700_5.biom	1998700	5	n/a	16752203.3999	n/a	58853939.8516	n/a	34383866.8728	44281760.0227	n/a
alpha_rarefaction_1998700_6.biom	1998700	6	n/a	16753472.7318	n/a	58846865.7618	n/a	34382465.3109	44297860.9192	n/a
alpha_rarefaction_1998700_7.biom	1998700	7	n/a	16754868.7285	n/a	58846686.8473	n/a	34381975.1657	44287230.711	n/a
alpha_rarefaction_1998700_8.biom	1998700	8	n/a	16754431.5579	n/a	58852081.7015	n/a	34379312.4927	44305399.7308	n/a
alpha_rarefaction_1998700_9.biom	1998700	9	n/a	16751503.7242	n/a	58857656.4928	n/a	34383201.0964	44300060.0447	n/a