	sequences per sample	iteration	iowa_corn	iowa_prairie	kansas_corn	kansas_prairie	wisconsin_corn	wisconsin_prairie	wisconsin_restored	wisconsin_switchgrass
alpha_rarefaction_10_0.biom	10	0	10.0	10.0	10.0	10.0	10.0	10.0	10.0	10.0
alpha_rarefaction_10_1.biom	10	1	10.0	10.0	10.0	10.0	10.0	10.0	10.0	10.0
alpha_rarefaction_10_2.biom	10	2	10.0	10.0	10.0	10.0	10.0	10.0	10.0	10.0
alpha_rarefaction_10_3.biom	10	3	10.0	10.0	10.0	10.0	10.0	10.0	10.0	10.0
alpha_rarefaction_10_4.biom	10	4	10.0	10.0	10.0	10.0	10.0	10.0	10.0	10.0
alpha_rarefaction_10_5.biom	10	5	10.0	10.0	10.0	10.0	10.0	10.0	10.0	10.0
alpha_rarefaction_10_6.biom	10	6	10.0	10.0	10.0	10.0	10.0	10.0	10.0	10.0
alpha_rarefaction_10_7.biom	10	7	10.0	10.0	10.0	10.0	10.0	10.0	10.0	10.0
alpha_rarefaction_10_8.biom	10	8	10.0	10.0	10.0	10.0	10.0	10.0	10.0	10.0
alpha_rarefaction_10_9.biom	10	9	10.0	10.0	10.0	10.0	10.0	10.0	10.0	10.0
alpha_rarefaction_99948_0.biom	99948	0	99674.0	99478.0	99861.0	99855.0	99879.0	99749.0	99840.0	99864.0
alpha_rarefaction_99948_1.biom	99948	1	99679.0	99500.0	99870.0	99866.0	99878.0	99795.0	99807.0	99868.0
alpha_rarefaction_99948_2.biom	99948	2	99693.0	99455.0	99864.0	99843.0	99873.0	99785.0	99816.0	99852.0
alpha_rarefaction_99948_3.biom	99948	3	99716.0	99487.0	99866.0	99868.0	99881.0	99753.0	99808.0	99854.0
alpha_rarefaction_99948_4.biom	99948	4	99671.0	99498.0	99858.0	99837.0	99878.0	99776.0	99815.0	99864.0
alpha_rarefaction_99948_5.biom	99948	5	99712.0	99513.0	99887.0	99823.0	99871.0	99773.0	99818.0	99853.0
alpha_rarefaction_99948_6.biom	99948	6	99688.0	99476.0	99870.0	99860.0	99862.0	99770.0	99822.0	99857.0
alpha_rarefaction_99948_7.biom	99948	7	99691.0	99529.0	99880.0	99842.0	99874.0	99768.0	99803.0	99870.0
alpha_rarefaction_99948_8.biom	99948	8	99697.0	99494.0	99884.0	99859.0	99856.0	99760.0	99819.0	99876.0
alpha_rarefaction_99948_9.biom	99948	9	99700.0	99514.0	99879.0	99832.0	99876.0	99779.0	99791.0	99853.0
alpha_rarefaction_199886_0.biom	199886	0	198900.0	198032.0	199615.0	199509.0	199569.0	199185.0	199355.0	199546.0
alpha_rarefaction_199886_1.biom	199886	1	198865.0	198084.0	199602.0	199478.0	199585.0	199189.0	199344.0	199529.0
alpha_rarefaction_199886_2.biom	199886	2	198877.0	198091.0	199603.0	199511.0	199600.0	199198.0	199309.0	199519.0
alpha_rarefaction_199886_3.biom	199886	3	198916.0	198120.0	199589.0	199517.0	199575.0	199227.0	199381.0	199545.0
alpha_rarefaction_199886_4.biom	199886	4	198862.0	198100.0	199623.0	199553.0	199583.0	199225.0	199364.0	199534.0
alpha_rarefaction_199886_5.biom	199886	5	198926.0	198098.0	199592.0	199536.0	199600.0	199219.0	199382.0	199530.0
alpha_rarefaction_199886_6.biom	199886	6	198940.0	198080.0	199598.0	199508.0	199559.0	199187.0	199366.0	199559.0
alpha_rarefaction_199886_7.biom	199886	7	198947.0	198086.0	199600.0	199503.0	199601.0	199230.0	199333.0	199535.0
alpha_rarefaction_199886_8.biom	199886	8	198840.0	198005.0	199589.0	199499.0	199557.0	199182.0	199326.0	199551.0
alpha_rarefaction_199886_9.biom	199886	9	198915.0	198043.0	199594.0	199489.0	199577.0	199203.0	199360.0	199536.0
alpha_rarefaction_299824_0.biom	299824	0	297702.0	295757.0	299181.0	299003.0	299184.0	298306.0	298719.0	299043.0
alpha_rarefaction_299824_1.biom	299824	1	297716.0	295892.0	299162.0	298947.0	299206.0	298255.0	298653.0	299035.0
alpha_rarefaction_299824_2.biom	299824	2	297677.0	295814.0	299146.0	298976.0	299140.0	298295.0	298707.0	299024.0
alpha_rarefaction_299824_3.biom	299824	3	297672.0	295904.0	299192.0	298983.0	299147.0	298294.0	298656.0	299083.0
alpha_rarefaction_299824_4.biom	299824	4	297699.0	295852.0	299209.0	298986.0	299179.0	298289.0	298647.0	299074.0
alpha_rarefaction_299824_5.biom	299824	5	297648.0	295707.0	299168.0	298987.0	299160.0	298269.0	298636.0	299081.0
alpha_rarefaction_299824_6.biom	299824	6	297663.0	295818.0	299197.0	298999.0	299189.0	298303.0	298654.0	299058.0
alpha_rarefaction_299824_7.biom	299824	7	297741.0	295828.0	299169.0	298988.0	299140.0	298308.0	298606.0	299032.0
alpha_rarefaction_299824_8.biom	299824	8	297709.0	295791.0	299202.0	298964.0	299189.0	298349.0	298656.0	299059.0
alpha_rarefaction_299824_9.biom	299824	9	297670.0	295804.0	299198.0	298975.0	299118.0	298286.0	298673.0	299058.0
alpha_rarefaction_399762_0.biom	399762	0	395993.0	392655.0	398638.0	398260.0	398642.0	397059.0	397711.0	398386.0
alpha_rarefaction_399762_1.biom	399762	1	396002.0	392676.0	398678.0	398287.0	398590.0	397079.0	397748.0	398410.0
alpha_rarefaction_399762_2.biom	399762	2	396019.0	392654.0	398688.0	398289.0	398628.0	397042.0	397702.0	398443.0
alpha_rarefaction_399762_3.biom	399762	3	395951.0	392695.0	398626.0	398297.0	398572.0	397065.0	397660.0	398425.0
alpha_rarefaction_399762_4.biom	399762	4	396071.0	392637.0	398686.0	398276.0	398614.0	397129.0	397695.0	398432.0
alpha_rarefaction_399762_5.biom	399762	5	396007.0	392751.0	398689.0	398292.0	398567.0	397078.0	397701.0	398428.0
alpha_rarefaction_399762_6.biom	399762	6	396021.0	392719.0	398611.0	398307.0	398658.0	397009.0	397663.0	398399.0
alpha_rarefaction_399762_7.biom	399762	7	396045.0	392594.0	398620.0	398277.0	398626.0	397074.0	397727.0	398432.0
alpha_rarefaction_399762_8.biom	399762	8	396106.0	392747.0	398657.0	398279.0	398584.0	397069.0	397730.0	398356.0
alpha_rarefaction_399762_9.biom	399762	9	396029.0	392782.0	398665.0	398297.0	398557.0	397098.0	397670.0	398404.0
alpha_rarefaction_499700_0.biom	499700	0	493835.0	488846.0	498018.0	497366.0	497920.0	495457.0	496401.0	497656.0
alpha_rarefaction_499700_1.biom	499700	1	493891.0	488774.0	498018.0	497317.0	497958.0	495598.0	496405.0	497647.0
alpha_rarefaction_499700_2.biom	499700	2	493914.0	488935.0	497973.0	497337.0	497844.0	495542.0	496452.0	497553.0
alpha_rarefaction_499700_3.biom	499700	3	494092.0	488764.0	497998.0	497365.0	497912.0	495465.0	496470.0	497575.0
alpha_rarefaction_499700_4.biom	499700	4	494023.0	489113.0	497916.0	497359.0	497922.0	495459.0	496409.0	497651.0
alpha_rarefaction_499700_5.biom	499700	5	494024.0	488993.0	497986.0	497356.0	497899.0	495510.0	496551.0	497513.0
alpha_rarefaction_499700_6.biom	499700	6	493925.0	488729.0	497885.0	497481.0	497974.0	495515.0	496503.0	497530.0
alpha_rarefaction_499700_7.biom	499700	7	493843.0	488954.0	498012.0	497363.0	497916.0	495449.0	496595.0	497632.0
alpha_rarefaction_499700_8.biom	499700	8	493921.0	488834.0	497952.0	497361.0	497908.0	495509.0	496489.0	497549.0
alpha_rarefaction_499700_9.biom	499700	9	494020.0	488869.0	497964.0	497347.0	497922.0	495541.0	496540.0	497556.0
alpha_rarefaction_599638_0.biom	599638	0	591393.0	584276.0	597105.0	596301.0	597081.0	593615.0	594986.0	596615.0
alpha_rarefaction_599638_1.biom	599638	1	591306.0	584034.0	597096.0	596253.0	597150.0	593616.0	595004.0	596705.0
alpha_rarefaction_599638_2.biom	599638	2	591415.0	584181.0	597203.0	596342.0	597098.0	593662.0	594990.0	596719.0
alpha_rarefaction_599638_3.biom	599638	3	591508.0	583985.0	597166.0	596399.0	597098.0	593575.0	595109.0	596626.0
alpha_rarefaction_599638_4.biom	599638	4	591405.0	584221.0	597144.0	596268.0	597062.0	593674.0	595158.0	596612.0
alpha_rarefaction_599638_5.biom	599638	5	591345.0	584213.0	597089.0	596291.0	597132.0	593554.0	594997.0	596639.0
alpha_rarefaction_599638_6.biom	599638	6	591511.0	584050.0	597127.0	596373.0	597183.0	593696.0	594975.0	596639.0
alpha_rarefaction_599638_7.biom	599638	7	591480.0	584035.0	597154.0	596302.0	597138.0	593601.0	595085.0	596609.0
alpha_rarefaction_599638_8.biom	599638	8	591555.0	584123.0	597146.0	596211.0	597045.0	593498.0	595038.0	596673.0
alpha_rarefaction_599638_9.biom	599638	9	591455.0	584048.0	597178.0	596261.0	597043.0	593695.0	595019.0	596646.0
alpha_rarefaction_699576_0.biom	699576	0	688553.0	678735.0	696146.0	695122.0	696160.0	691435.0	693370.0	695565.0
alpha_rarefaction_699576_1.biom	699576	1	688659.0	678751.0	696220.0	695034.0	696154.0	691412.0	693362.0	695538.0
alpha_rarefaction_699576_2.biom	699576	2	688591.0	678584.0	696153.0	695096.0	696134.0	691536.0	693427.0	695578.0
alpha_rarefaction_699576_3.biom	699576	3	688584.0	678656.0	696300.0	695151.0	696195.0	691499.0	693300.0	695528.0
alpha_rarefaction_699576_4.biom	699576	4	688520.0	678766.0	696203.0	695197.0	696048.0	691393.0	693321.0	695589.0
alpha_rarefaction_699576_5.biom	699576	5	688576.0	678734.0	696180.0	695095.0	696183.0	691477.0	693238.0	695589.0
alpha_rarefaction_699576_6.biom	699576	6	688522.0	678763.0	696234.0	695069.0	696201.0	691486.0	693443.0	695574.0
alpha_rarefaction_699576_7.biom	699576	7	688503.0	678816.0	696175.0	695092.0	696110.0	691404.0	693277.0	695598.0
alpha_rarefaction_699576_8.biom	699576	8	688603.0	678700.0	696210.0	694963.0	696212.0	691355.0	693249.0	695477.0
alpha_rarefaction_699576_9.biom	699576	9	688614.0	678695.0	696235.0	695139.0	696201.0	691334.0	693256.0	695527.0
alpha_rarefaction_799514_0.biom	799514	0	785158.0	772660.0	795158.0	793731.0	795063.0	788923.0	791348.0	794319.0
alpha_rarefaction_799514_1.biom	799514	1	785349.0	772485.0	795175.0	793578.0	795020.0	788935.0	791363.0	794314.0
alpha_rarefaction_799514_2.biom	799514	2	785179.0	772506.0	795232.0	793585.0	795083.0	788906.0	791392.0	794237.0
alpha_rarefaction_799514_3.biom	799514	3	785378.0	772499.0	795174.0	793646.0	795078.0	788913.0	791269.0	794248.0
alpha_rarefaction_799514_4.biom	799514	4	785272.0	772518.0	795172.0	793632.0	794984.0	788869.0	791418.0	794207.0
alpha_rarefaction_799514_5.biom	799514	5	785204.0	772404.0	795123.0	793690.0	795046.0	788931.0	791374.0	794230.0
alpha_rarefaction_799514_6.biom	799514	6	785341.0	772377.0	795193.0	793767.0	795022.0	788889.0	791290.0	794309.0
alpha_rarefaction_799514_7.biom	799514	7	785318.0	772444.0	795143.0	793701.0	795111.0	788847.0	791390.0	794317.0
alpha_rarefaction_799514_8.biom	799514	8	785211.0	772625.0	795132.0	793623.0	795090.0	788966.0	791420.0	794272.0
alpha_rarefaction_799514_9.biom	799514	9	785149.0	772587.0	795163.0	793759.0	794992.0	789010.0	791391.0	794304.0
alpha_rarefaction_899452_0.biom	899452	0	881505.0	865559.0	893987.0	892010.0	893794.0	886119.0	889230.0	892828.0
alpha_rarefaction_899452_1.biom	899452	1	881538.0	865494.0	893957.0	892094.0	893809.0	886252.0	889180.0	892822.0
alpha_rarefaction_899452_2.biom	899452	2	881576.0	865587.0	893953.0	891995.0	893808.0	886120.0	889202.0	892810.0
alpha_rarefaction_899452_3.biom	899452	3	881639.0	865797.0	893982.0	892132.0	893848.0	886165.0	889198.0	892913.0
alpha_rarefaction_899452_4.biom	899452	4	881543.0	865783.0	893917.0	892103.0	893793.0	886103.0	889191.0	892848.0
alpha_rarefaction_899452_5.biom	899452	5	881605.0	865558.0	893978.0	892069.0	893809.0	886169.0	889155.0	892875.0
alpha_rarefaction_899452_6.biom	899452	6	881647.0	865673.0	893968.0	892122.0	893832.0	886156.0	889205.0	892859.0
alpha_rarefaction_899452_7.biom	899452	7	881564.0	865505.0	893939.0	892079.0	893813.0	886136.0	889140.0	892871.0
alpha_rarefaction_899452_8.biom	899452	8	881526.0	865655.0	893972.0	892130.0	893883.0	886016.0	889277.0	892790.0
alpha_rarefaction_899452_9.biom	899452	9	881515.0	865578.0	893918.0	892156.0	893867.0	886103.0	889184.0	892828.0
alpha_rarefaction_999390_0.biom	999390	0	n/a	958042.0	n/a	990316.0	n/a	983030.0	986775.0	n/a
alpha_rarefaction_999390_1.biom	999390	1	n/a	958022.0	n/a	990316.0	n/a	983030.0	986778.0	n/a
alpha_rarefaction_999390_2.biom	999390	2	n/a	958034.0	n/a	990314.0	n/a	983032.0	986773.0	n/a
alpha_rarefaction_999390_3.biom	999390	3	n/a	958028.0	n/a	990316.0	n/a	983032.0	986775.0	n/a
alpha_rarefaction_999390_4.biom	999390	4	n/a	958039.0	n/a	990315.0	n/a	983032.0	986777.0	n/a
alpha_rarefaction_999390_5.biom	999390	5	n/a	958040.0	n/a	990317.0	n/a	983029.0	986777.0	n/a
alpha_rarefaction_999390_6.biom	999390	6	n/a	958032.0	n/a	990315.0	n/a	983034.0	986786.0	n/a
alpha_rarefaction_999390_7.biom	999390	7	n/a	958028.0	n/a	990314.0	n/a	983030.0	986777.0	n/a
alpha_rarefaction_999390_8.biom	999390	8	n/a	958028.0	n/a	990315.0	n/a	983033.0	986773.0	n/a
alpha_rarefaction_999390_9.biom	999390	9	n/a	958021.0	n/a	990315.0	n/a	983028.0	986779.0	n/a